<html>
<head>
    <title></title>

</head>
<body>
<div id="main" style="width: 1000px;height:800px;margin:0 auto;"></div>
<script src="../../lib/jquery.min.js"></script>
<script src="../../lib/echarts.min.js"></script>
<script src="../charts.js"></script>
<script type="text/javascript">
    var data={
        "ret_code": "0",
        "ret_msg": "",
        "ret_err": "",
        "variableList": [
            {
                "position": "B",
                "typeDes": "字符串型",
                "type": 0,
                "typeFormat": null,
                "varietyName": "住宅投资",
                "varietyDes": null,
                "range": "B2:B11"
            },
            {
                "position": "C",
                "typeDes": "字符串型",
                "type": 0,
                "typeFormat": null,
                "varietyName": "城市绿地 ",
                "varietyDes": null,
                "range": "C2:C11"
            },
            {
                "position": "D",
                "typeDes": "字符串型",
                "type": 0,
                "typeFormat": null,
                "varietyName": "餐饮业从业人员 ",
                "varietyDes": null,
                "range": "D2:D11"
            },
            {
                "position": "E",
                "typeDes": "字符串型",
                "type": 0,
                "typeFormat": null,
                "varietyName": "居民消费价格指数",
                "varietyDes": null,
                "range": "E2:E11"
            },
            {
                "position": "F",
                "typeDes": "字符串型",
                "type": 0,
                "typeFormat": null,
                "varietyName": "环保投入",
                "varietyDes": null,
                "range": "F2:F11"
            },
            {
                "position": "G",
                "typeDes": "字符串型",
                "type": 0,
                "typeFormat": null,
                "varietyName": "固定资产 ",
                "varietyDes": null,
                "range": "G2:G11"
            },
            {
                "position": "H",
                "typeDes": "字符串型",
                "type": 0,
                "typeFormat": null,
                "varietyName": "科技成果",
                "varietyDes": null,
                "range": "H2:H11"
            },
            {
                "position": "I",
                "typeDes": "字符串型",
                "type": 0,
                "typeFormat": null,
                "varietyName": "农业总产值",
                "varietyDes": null,
                "range": "I2:I11"
            },
            {
                "position": "J",
                "typeDes": "字符串型",
                "type": 0,
                "typeFormat": null,
                "varietyName": "生产总值 ",
                "varietyDes": null,
                "range": "J2:J11"
            }
        ],
        "data": {
            "sortEigenvalues": null,
            "eigenvectors": null,
            "eigTotalInit": [
                5.435238941099706,
                2.263305596757207,
                0.6313248836102102,
                0.4514100293660544,
                0.168135894648133,
                0.048479802212160354,
                0.001702087118899029,
                0.00040275856596947264,
                0.000000006621667375710972
            ],
            "eigTotalExtra": [
                5.435238941099706,
                2.263305596757207
            ],
            "varEigInit": [
                60.391543789996696,
                25.147839963968956,
                7.014720929002332,
                5.015666992956157,
                1.8681766072014767,
                0.5386644690240037,
                0.018912079098878088,
                0.004475095177438582,
                0.00000007357408195234409
            ],
            "accEigInit": [
                60.391543789996696,
                85.53938375396565,
                92.55410468296799,
                97.56977167592414,
                99.43794828312562,
                99.97661275214962,
                99.9955248312485,
                99.99999992642594,
                100.00000000000003
            ],
            "varEigExtra": [
                60.391543789996696,
                25.147839963968956
            ],
            "accEigExtra": [
                60.391543789996696,
                85.53938375396565
            ],
            "componentArr": [
                [
                    0.8040515884615542,
                    -0.08551202241854973
                ],
                [
                    0.43486078508017273,
                    -0.8789572932229428
                ],
                [
                    0.7439995171591309,
                    -0.39462611838199474
                ],
                [
                    0.8655749477986442,
                    -0.43315652217111417
                ],
                [
                    0.8368193377048997,
                    0.5155035058856545
                ],
                [
                    0.8268986949906162,
                    0.5506253828408406
                ],
                [
                    0.6787864610801517,
                    0.6443101532502652
                ],
                [
                    -0.7647766562692713,
                    -0.1678941813265063
                ],
                [
                    0.9312455962568619,
                    -0.35751477584427327
                ]
            ],
            "correlationArr": [
                [
                    1,
                    0.5103072016901927,
                    0.3745828880177902,
                    0.6584545458080534,
                    0.5776714755972598,
                    0.6127846332066192,
                    0.5041010340163696,
                    -0.5637102553610885,
                    0.7862697071633742
                ],
                [
                    0.5103072016901927,
                    1,
                    0.6044735489339551,
                    0.7196190040144997,
                    -0.1208183364520001,
                    -0.13906853337761085,
                    -0.23582181828732623,
                    -0.1946949088967217,
                    0.722751559061645
                ],
                [
                    0.3745828880177902,
                    0.6044735489339551,
                    1,
                    0.8405593962163956,
                    0.46263645282129173,
                    0.4087580054123702,
                    0.2971115772265522,
                    -0.4096575891585309,
                    0.8247944489448437
                ],
                [
                    0.6584545458080534,
                    0.7196190040144997,
                    0.8405593962163956,
                    1,
                    0.538829205066788,
                    0.49688625919319074,
                    0.27008049820080265,
                    -0.5570363303610633,
                    0.9666384029469058
                ],
                [
                    0.5776714755972598,
                    -0.1208183364520001,
                    0.46263645282129173,
                    0.538829205066788,
                    1,
                    0.9942037675325238,
                    0.8717190526990094,
                    -0.6805506716053946,
                    0.5956223472922876
                ],
                [
                    0.6127846332066192,
                    -0.13906853337761085,
                    0.4087580054123702,
                    0.49688625919319074,
                    0.9942037675325238,
                    1,
                    0.9009952684878868,
                    -0.6831157590108249,
                    0.5745712171144817
                ],
                [
                    0.5041010340163696,
                    -0.23582181828732623,
                    0.2971115772265522,
                    0.27008049820080265,
                    0.8717190526990094,
                    0.9009952684878868,
                    1,
                    -0.5144219024909439,
                    0.4134889363625057
                ],
                [
                    -0.5637102553610885,
                    -0.1946949088967217,
                    -0.4096575891585309,
                    -0.5570363303610633,
                    -0.6805506716053946,
                    -0.6831157590108249,
                    -0.5144219024909439,
                    1,
                    -0.6266446215072495
                ],
                [
                    0.7862697071633742,
                    0.722751559061645,
                    0.8247944489448437,
                    0.9666384029469058,
                    0.5956223472922876,
                    0.5745712171144817,
                    0.4134889363625057,
                    -0.6266446215072495,
                    1
                ]
            ],
            "determinant": 0.00000000000000012971827007385265,
            "kmo": 0.2691880353246673,
            "kmoDesc": "0.9以上表示非常适合；0.8表示适合；0.7表示一般；0.6表示不太适合；0.5以下表示极不适合",
            "communalityArr": [
                [
                    1,
                    0.653811262885659
                ],
                [
                    1,
                    0.9616698257103464
                ],
                [
                    1,
                    0.7092650548422601
                ],
                [
                    1,
                    0.9368445629560006
                ],
                [
                    1,
                    0.9660104685372679
                ],
                [
                    1,
                    0.9869497640058064
                ],
                [
                    1,
                    0.8758866333270965
                ],
                [
                    1,
                    0.6130717900977048
                ],
                [
                    1,
                    0.9950351754947792
                ]
            ]
        }
    };
    $('#main').charts({
        title: '主成分因子平面二维图',
        type: ['pcfp2d'],
        data:data
    });


</script>
</body>
</html>