<html>
<head>
    <title></title>

</head>
<body>
<div id="main" style="width: 1000px;height:800px;margin:0 auto;"></div>
<div id="main2" style="width: 1000px;height:800px;margin:0 auto;"></div>
<script src="../../lib/jquery.min.js"></script>
<script src="../../lib/echarts.min.js"></script>
<script src="../charts.js"></script>
<script type="text/javascript">
    var data = {
        "ret_code": "0",
        "ret_msg": "",
        "ret_err": "",
        "optRes": [
            {
                "segNum": 2,
                "segDataList": [
                    {
                        "from": 1,
                        "to": 3,
                        "sswg": 0.20462585034013606
                    },
                    {
                        "from": 4,
                        "to": 6,
                        "sswg": 0.10340136054421771
                    }
                ],
                "sst": 0.30802721088435375
            },
            {
                "segNum": 3,
                "segDataList": [
                    {
                        "from": 1,
                        "to": 2,
                        "sswg": 0.030204081632653056
                    },
                    {
                        "from": 3,
                        "to": 3,
                        "sswg": 0
                    },
                    {
                        "from": 4,
                        "to": 6,
                        "sswg": 0.10340136054421771
                    }
                ],
                "sst": 0.13360544217687076
            },
            {
                "segNum": 4,
                "segDataList": [
                    {
                        "from": 1,
                        "to": 2,
                        "sswg": 0.030204081632653056
                    },
                    {
                        "from": 3,
                        "to": 3,
                        "sswg": 0
                    },
                    {
                        "from": 4,
                        "to": 5,
                        "sswg": 0.03469387755102042
                    },
                    {
                        "from": 6,
                        "to": 6,
                        "sswg": 0
                    }
                ],
                "sst": 0.06489795918367347
            },
            {
                "segNum": 5,
                "segDataList": [
                    {
                        "from": 1,
                        "to": 2,
                        "sswg": 0.030204081632653056
                    },
                    {
                        "from": 3,
                        "to": 3,
                        "sswg": 0
                    },
                    {
                        "from": 4,
                        "to": 4,
                        "sswg": 0
                    },
                    {
                        "from": 5,
                        "to": 5,
                        "sswg": 0
                    },
                    {
                        "from": 6,
                        "to": 6,
                        "sswg": 0
                    }
                ],
                "sst": 0.030204081632653056
            },
            {
                "segNum": 6,
                "segDataList": [
                    {
                        "from": 1,
                        "to": 2,
                        "sswg": 0.030204081632653056
                    },
                    {
                        "from": 3,
                        "to": 3,
                        "sswg": 0
                    },
                    {
                        "from": 4,
                        "to": 4,
                        "sswg": 0
                    },
                    {
                        "from": 5,
                        "to": 4,
                        "sswg": 0.03469387755102042
                    },
                    {
                        "from": 5,
                        "to": 5,
                        "sswg": 0
                    },
                    {
                        "from": 6,
                        "to": 6,
                        "sswg": 0
                    }
                ],
                "sst": 0.06489795918367347
            }
        ],
        "d": [
            [
                0,
                0.030204081632653056,
                0.20462585034013606,
                0.7361224489795919,
                1.088,
                1.6133333333333333
            ],
            [
                0.030204081632653056,
                0,
                0.13877551020408163,
                0.5360544217687075,
                0.75,
                1.12
            ],
            [
                0.20462585034013606,
                0.13877551020408163,
                0,
                0.12938775510204084,
                0.20136054421768712,
                0.3673469387755103
            ],
            [
                0.7361224489795919,
                0.5360544217687075,
                0.12938775510204084,
                0,
                0.03469387755102042,
                0.10340136054421771
            ],
            [
                1.088,
                0.75,
                0.20136054421768712,
                0.03469387755102042,
                0,
                0.08040816326530614
            ],
            [
                1.6133333333333333,
                1.12,
                0.3673469387755103,
                0.10340136054421771,
                0.08040816326530614,
                0
            ]
        ]
    };

    $('#main2').charts({
        title: '最优分割图',
        type: ['fisher'],
        data:data
    });
    $('#main').charts({
        title: '离差平方总和变化折线图',
        type: ['fisher_line'],
        data:data
    });
</script>
</body>
</html>